RESUMEN JAMUNDI - 01/03/2026 08:04
==================================================

HURTO PERSONAS.xlsx
  Registros Jamundi: 3,842 / 629,905
  Anos: 2003, 2004, 2005, 2006, 2007, 2008, 2009, 2010, 2011, 2012, 2013, 2014, 2015, 2016, 2017, 2018, 2019, 2020, 2021, 2022, 2023, 2024, 2025, 2026

VIOLENCIA INTRAFAMILIAR.xlsx
  Registros Jamundi: 2,058 / 640,595
  Anos: 2004, 2005, 2006, 2007, 2008, 2009, 2010, 2011, 2012, 2013, 2014, 2015, 2016, 2017, 2018, 2019, 2020, 2021, 2022, 2023, 2024, 2025, 2026

HOMICIDIO INTENCIONAL.xlsx
  Registros Jamundi: 2,004 / 335,698
  Anos: 2003, 2004, 2005, 2006, 2007, 2008, 2009, 2010, 2011, 2012, 2013, 2014, 2015, 2016, 2017, 2018, 2019, 2020, 2021, 2022, 2023, 2024, 2025, 2026

DELITOS INFORMÁTICOS.xlsx
  Registros Jamundi: 1,445 / 460,824
  Anos: 2012, 2013, 2014, 2015, 2016, 2017, 2018, 2019, 2020, 2021, 2022, 2023, 2024, 2025, 2026

EXTORSIÓN.xlsx
  Registros Jamundi: 504 / 121,733
  Anos: 2003, 2004, 2005, 2007, 2008, 2010, 2011, 2012, 2013, 2014, 2015, 2016, 2017, 2018, 2019, 2020, 2021, 2022, 2023, 2024, 2025

TERRORISMO.xlsx
  Registros Jamundi: 129 / 14,794
  Anos: 2003, 2006, 2008, 2009, 2012, 2014, 2016, 2017, 2018, 2019, 2020, 2021, 2022, 2023, 2024, 2025

SECUESTRO.xlsx
  Registros Jamundi: 34 / 9,919
  Anos: 2005, 2007, 2008, 2009, 2014, 2017, 2018, 2019, 2022, 2023, 2024, 2025

MASACRES.xlsx
  Registros Jamundi: 4 / 377
  Anos: 2022, 2025

